0
---------
3  
2   1G
1   0G
0 P 0M 1M
---------
(3, ((), (), (), ((0, 1), (0, 2), (1, 1), (1, 2))))
(0, (((0, 1), (1, 1)), ((0, 2),), ((1, 2),), ()))
1
---------
3  
2   1G
1 P 0M 0G
0   1M
---------
(3, ((), (), (), ((0, 1), (0, 2), (1, 1), (1, 2))))
(1, (((1, 1),), ((0, 1), (0, 2)), ((1, 2),), ()))
2
---------
3  
2 P 0G 1G
1   0M
0   1M
---------
(3, ((), (), (), ((0, 1), (0, 2), (1, 1), (1, 2))))
(2, (((1, 1),), ((0, 1),), ((0, 2), (1, 2)), ()))
2
---------
3  
2 P 0M 0G 1G
1  
0   1M
---------
(3, ((), (), (), ((0, 1), (0, 2), (1, 1), (1, 2))))
(2, (((1, 1),), (), ((0, 1), (0, 2), (1, 2)), ()))
3
---------
3 P 0G
2   1G
1   0M
0   1M
---------
(3, ((), (), (), ((0, 1), (0, 2), (1, 1), (1, 2))))
(3, (((1, 1),), ((0, 1),), ((1, 2),), ((0, 2),)))
3
---------
3 P 1G
2   0G
1   0M
0   1M
---------
(3, ((), (), (), ((0, 1), (0, 2), (1, 1), (1, 2))))
(3, (((1, 1),), ((0, 1),), ((0, 2),), ((1, 2),)))
3
---------
3  
2  
1 P 0M 0G 1G
0   1M
---------
(3, ((), (), (), ((0, 1), (0, 2), (1, 1), (1, 2))))
(1, (((1, 1),), ((0, 1), (0, 2), (1, 2)), (), ()))
3
---------
3 P 0G 1G
2  
1   0M
0   1M
---------
(3, ((), (), (), ((0, 1), (0, 2), (1, 1), (1, 2))))
(3, (((1, 1),), ((0, 1),), (), ((0, 2), (1, 2))))
3
---------
3  
2   0G 1G
1 P 0M
0   1M
---------
(3, ((), (), (), ((0, 1), (0, 2), (1, 1), (1, 2))))
(1, (((1, 1),), ((0, 1),), ((0, 2), (1, 2)), ()))
3
---------
3 P 0M
2   0G 1G
1  
0   1M
---------
(3, ((), (), (), ((0, 1), (0, 2), (1, 1), (1, 2))))
(3, (((1, 1),), (), ((0, 2), (1, 2)), ((0, 1),)))
3
---------
3  
2   0M 0G
1 P 1G
0   1M
---------
(3, ((), (), (), ((0, 1), (0, 2), (1, 1), (1, 2))))
(1, (((1, 1),), ((1, 2),), ((0, 1), (0, 2)), ()))
3
---------
3 P 1G
2   0M 0G
1  
0   1M
---------
(3, ((), (), (), ((0, 1), (0, 2), (1, 1), (1, 2))))
(3, (((1, 1),), (), ((0, 1), (0, 2)), ((1, 2),)))
3
---------
3 P 0M 0G
2   1G
1  
0   1M
---------
(3, ((), (), (), ((0, 1), (0, 2), (1, 1), (1, 2))))
(3, (((1, 1),), (), ((1, 2),), ((0, 1), (0, 2))))
3
---------
3  
2   0M
1 P 0G 1G
0   1M
---------
(3, ((), (), (), ((0, 1), (0, 2), (1, 1), (1, 2))))
(1, (((1, 1),), ((0, 2), (1, 2)), ((0, 1),), ()))
3
---------
3 P 0G 1G
2   0M
1  
0   1M
---------
(3, ((), (), (), ((0, 1), (0, 2), (1, 1), (1, 2))))
(3, (((1, 1),), (), ((0, 1),), ((0, 2), (1, 2))))
4
---------
3  
2  
1   0G 1G
0 P 0M 1M
---------
(3, ((), (), (), ((0, 1), (0, 2), (1, 1), (1, 2))))
(0, (((0, 1), (1, 1)), ((0, 2), (1, 2)), (), ()))
4
---------
3  
2 P 0M
1   0G 1G
0   1M
---------
(3, ((), (), (), ((0, 1), (0, 2), (1, 1), (1, 2))))
(2, (((1, 1),), ((0, 2), (1, 2)), ((0, 1),), ()))
4
---------
3  
2  
1   0M 0G
0 P 1M 1G
---------
(3, ((), (), (), ((0, 1), (0, 2), (1, 1), (1, 2))))
(0, (((1, 1), (1, 2)), ((0, 1), (0, 2)), (), ()))
4
---------
3  
2 P 1G
1   0M 0G
0   1M
---------
(3, ((), (), (), ((0, 1), (0, 2), (1, 1), (1, 2))))
(2, (((1, 1),), ((0, 1), (0, 2)), ((1, 2),), ()))
4
---------
3  
2 P 0M 0G
1   1G
0   1M
---------
(3, ((), (), (), ((0, 1), (0, 2), (1, 1), (1, 2))))
(2, (((1, 1),), ((1, 2),), ((0, 1), (0, 2)), ()))
4
---------
3  
2  
1   0M
0 P 0G 1M 1G
---------
(3, ((), (), (), ((0, 1), (0, 2), (1, 1), (1, 2))))
(0, (((0, 2), (1, 1), (1, 2)), ((0, 1),), (), ()))
4
---------
3   1G
2 P 0G
1   0M
0   1M
---------
(3, ((), (), (), ((0, 1), (0, 2), (1, 1), (1, 2))))
(2, (((1, 1),), ((0, 1),), ((0, 2),), ((1, 2),)))
4
---------
3   0G
2 P 1G
1   0M
0   1M
---------
(3, ((), (), (), ((0, 1), (0, 2), (1, 1), (1, 2))))
(2, (((1, 1),), ((0, 1),), ((1, 2),), ((0, 2),)))
4
---------
3  
2   0G 1G
1  
0 P 0M 1M
---------
(3, ((), (), (), ((0, 1), (0, 2), (1, 1), (1, 2))))
(0, (((0, 1), (1, 1)), (), ((0, 2), (1, 2)), ()))
4
---------
3  
2   0M 0G
1  
0 P 1M 1G
---------
(3, ((), (), (), ((0, 1), (0, 2), (1, 1), (1, 2))))
(0, (((1, 1), (1, 2)), (), ((0, 1), (0, 2)), ()))
4
---------
3   0M
2 P 0G 1G
1  
0   1M
---------
(3, ((), (), (), ((0, 1), (0, 2), (1, 1), (1, 2))))
(2, (((1, 1),), (), ((0, 2), (1, 2)), ((0, 1),)))
4
---------
3  
2   0M
1   0G
0 P 1M 1G
---------
(3, ((), (), (), ((0, 1), (0, 2), (1, 1), (1, 2))))
(0, (((1, 1), (1, 2)), ((0, 2),), ((0, 1),), ()))
4
---------
3  
2   0M
1  
0 P 0G 1M 1G
---------
(3, ((), (), (), ((0, 1), (0, 2), (1, 1), (1, 2))))
(0, (((0, 2), (1, 1), (1, 2)), (), ((0, 1),), ()))
4
---------
3   1G
2 P 0M 0G
1  
0   1M
---------
(3, ((), (), (), ((0, 1), (0, 2), (1, 1), (1, 2))))
(2, (((1, 1),), (), ((0, 1), (0, 2)), ((1, 2),)))
5
---------
3  
2  
1 P 0G 1M 1G
0   0M
---------
(3, ((), (), (), ((0, 1), (0, 2), (1, 1), (1, 2))))
(1, (((0, 1),), ((0, 2), (1, 1), (1, 2)), (), ()))
5
---------
3  
2  
1 P 0M 0G 1M 1G
0  
---------
(3, ((), (), (), ((0, 1), (0, 2), (1, 1), (1, 2))))
(1, ((), ((0, 1), (0, 2), (1, 1), (1, 2)), (), ()))
5
---------
3 P 0M
2  
1   0G 1G
0   1M
---------
(3, ((), (), (), ((0, 1), (0, 2), (1, 1), (1, 2))))
(3, (((1, 1),), ((0, 2), (1, 2)), (), ((0, 1),)))
5
---------
3 P 1G
2  
1   0M 0G
0   1M
---------
(3, ((), (), (), ((0, 1), (0, 2), (1, 1), (1, 2))))
(3, (((1, 1),), ((0, 1), (0, 2)), (), ((1, 2),)))
5
---------
3 P 0M
2   0G
1   1G
0   1M
---------
(3, ((), (), (), ((0, 1), (0, 2), (1, 1), (1, 2))))
(3, (((1, 1),), ((1, 2),), ((0, 2),), ((0, 1),)))
5
---------
3 P 0G
2   0M
1   1G
0   1M
---------
(3, ((), (), (), ((0, 1), (0, 2), (1, 1), (1, 2))))
(3, (((1, 1),), ((1, 2),), ((0, 1),), ((0, 2),)))
5
---------
3 P 0M 0G
2  
1   1G
0   1M
---------
(3, ((), (), (), ((0, 1), (0, 2), (1, 1), (1, 2))))
(3, (((1, 1),), ((1, 2),), (), ((0, 1), (0, 2))))
5
---------
3  
2  
1 P 0M 0G
0   1M 1G
---------
(3, ((), (), (), ((0, 1), (0, 2), (1, 1), (1, 2))))
(1, (((1, 1), (1, 2)), ((0, 1), (0, 2)), (), ()))
5
---------
3  
2  
1 P 0M 1M
0   0G 1G
---------
(3, ((), (), (), ((0, 1), (0, 2), (1, 1), (1, 2))))
(1, (((0, 2), (1, 2)), ((0, 1), (1, 1)), (), ()))
5
---------
3   1G
2  
1 P 0M 0G
0   1M
---------
(3, ((), (), (), ((0, 1), (0, 2), (1, 1), (1, 2))))
(1, (((1, 1),), ((0, 1), (0, 2)), (), ((1, 2),)))
5
---------
3  
2   0G 1G
1 P 1M
0   0M
---------
(3, ((), (), (), ((0, 1), (0, 2), (1, 1), (1, 2))))
(1, (((0, 1),), ((1, 1),), ((0, 2), (1, 2)), ()))
5
---------
3  
2   0G 1G
1 P 0M 1M
0  
---------
(3, ((), (), (), ((0, 1), (0, 2), (1, 1), (1, 2))))
(1, ((), ((0, 1), (1, 1)), ((0, 2), (1, 2)), ()))
5
---------
3  
2   0M 0G
1 P 1M
0   1G
---------
(3, ((), (), (), ((0, 1), (0, 2), (1, 1), (1, 2))))
(1, (((1, 2),), ((1, 1),), ((0, 1), (0, 2)), ()))
5
---------
3  
2   0M 0G
1 P 1M 1G
0  
---------
(3, ((), (), (), ((0, 1), (0, 2), (1, 1), (1, 2))))
(1, ((), ((1, 1), (1, 2)), ((0, 1), (0, 2)), ()))
5
---------
3   0M
2   1G
1 P 0G
0   1M
---------
(3, ((), (), (), ((0, 1), (0, 2), (1, 1), (1, 2))))
(1, (((1, 1),), ((0, 2),), ((1, 2),), ((0, 1),)))
5
---------
3   0M
2   0G
1 P 1G
0   1M
---------
(3, ((), (), (), ((0, 1), (0, 2), (1, 1), (1, 2))))
(1, (((1, 1),), ((1, 2),), ((0, 2),), ((0, 1),)))
5
---------
3   0M
2  
1 P 0G 1G
0   1M
---------
(3, ((), (), (), ((0, 1), (0, 2), (1, 1), (1, 2))))
(1, (((1, 1),), ((0, 2), (1, 2)), (), ((0, 1),)))
5
---------
3 P 0M 0G 1G
2  
1  
0   1M
---------
(3, ((), (), (), ((0, 1), (0, 2), (1, 1), (1, 2))))
(3, (((1, 1),), (), (), ((0, 1), (0, 2), (1, 2))))
5
---------
3  
2   0M
1 P 0G 1M 1G
0  
---------
(3, ((), (), (), ((0, 1), (0, 2), (1, 1), (1, 2))))
(1, ((), ((0, 2), (1, 1), (1, 2)), ((0, 1),), ()))
5
---------
3  
2   0M
1 P 0G
0   1M 1G
---------
(3, ((), (), (), ((0, 1), (0, 2), (1, 1), (1, 2))))
(1, (((1, 1), (1, 2)), ((0, 2),), ((0, 1),), ()))
5
---------
3  
2   0M
1 P 1M
0   0G 1G
---------
(3, ((), (), (), ((0, 1), (0, 2), (1, 1), (1, 2))))
(1, (((0, 2), (1, 2)), ((1, 1),), ((0, 1),), ()))
5
---------
3  
2   0M
1 P 1M 1G
0   0G
---------
(3, ((), (), (), ((0, 1), (0, 2), (1, 1), (1, 2))))
(1, (((0, 2),), ((1, 1), (1, 2)), ((0, 1),), ()))
5
---------
3   1G
2   0G
1 P 0M
0   1M
---------
(3, ((), (), (), ((0, 1), (0, 2), (1, 1), (1, 2))))
(1, (((1, 1),), ((0, 1),), ((0, 2),), ((1, 2),)))
5
---------
3   1G
2   0M
1 P 0G
0   1M
---------
(3, ((), (), (), ((0, 1), (0, 2), (1, 1), (1, 2))))
(1, (((1, 1),), ((0, 2),), ((0, 1),), ((1, 2),)))
6
---------
3  
2  
1   1M 1G
0 P 0M 0G
---------
(3, ((), (), (), ((0, 1), (0, 2), (1, 1), (1, 2))))
(0, (((0, 1), (0, 2)), ((1, 1), (1, 2)), (), ()))
6
---------
3  
2 P 0G
1   1M 1G
0   0M
---------
(3, ((), (), (), ((0, 1), (0, 2), (1, 1), (1, 2))))
(2, (((0, 1),), ((1, 1), (1, 2)), ((0, 2),), ()))
6
---------
3  
2 P 1M
1   0G 1G
0   0M
---------
(3, ((), (), (), ((0, 1), (0, 2), (1, 1), (1, 2))))
(2, (((0, 1),), ((0, 2), (1, 2)), ((1, 1),), ()))
6
---------
3  
2  
1   1M
0 P 0M 0G 1G
---------
(3, ((), (), (), ((0, 1), (0, 2), (1, 1), (1, 2))))
(0, (((0, 1), (0, 2), (1, 2)), ((1, 1),), (), ()))
6
---------
3  
2 P 0G 1G
1   1M
0   0M
---------
(3, ((), (), (), ((0, 1), (0, 2), (1, 1), (1, 2))))
(2, (((0, 1),), ((1, 1),), ((0, 2), (1, 2)), ()))
6
---------
3  
2 P 1M 1G
1   0G
0   0M
---------
(3, ((), (), (), ((0, 1), (0, 2), (1, 1), (1, 2))))
(2, (((0, 1),), ((0, 2),), ((1, 1), (1, 2)), ()))
6
---------
3  
2  
1   0G 1M 1G
0 P 0M
---------
(3, ((), (), (), ((0, 1), (0, 2), (1, 1), (1, 2))))
(0, (((0, 1),), ((0, 2), (1, 1), (1, 2)), (), ()))
6
---------
3  
2 P 0M
1   0G 1M 1G
0  
---------
(3, ((), (), (), ((0, 1), (0, 2), (1, 1), (1, 2))))
(2, ((), ((0, 2), (1, 1), (1, 2)), ((0, 1),), ()))
6
---------
3  
2  
1   0M 0G 1G
0 P 1M
---------
(3, ((), (), (), ((0, 1), (0, 2), (1, 1), (1, 2))))
(0, (((1, 1),), ((0, 1), (0, 2), (1, 2)), (), ()))
6
---------
3  
2 P 1M
1   0M 0G 1G
0  
---------
(3, ((), (), (), ((0, 1), (0, 2), (1, 1), (1, 2))))
(2, ((), ((0, 1), (0, 2), (1, 2)), ((1, 1),), ()))
6
---------
3  
2 P 0M 0G
1   1M 1G
0  
---------
(3, ((), (), (), ((0, 1), (0, 2), (1, 1), (1, 2))))
(2, ((), ((1, 1), (1, 2)), ((0, 1), (0, 2)), ()))
6
---------
3  
2 P 0M 1M
1   0G 1G
0  
---------
(3, ((), (), (), ((0, 1), (0, 2), (1, 1), (1, 2))))
(2, ((), ((0, 2), (1, 2)), ((0, 1), (1, 1)), ()))
6
---------
3  
2  
1   0M 1M
0 P 0G 1G
---------
(3, ((), (), (), ((0, 1), (0, 2), (1, 1), (1, 2))))
(0, (((0, 2), (1, 2)), ((0, 1), (1, 1)), (), ()))
6
---------
3  
2 P 0G 1G
1   0M 1M
0  
---------
(3, ((), (), (), ((0, 1), (0, 2), (1, 1), (1, 2))))
(2, ((), ((0, 1), (1, 1)), ((0, 2), (1, 2)), ()))
6
---------
3  
2 P 1M 1G
1   0M 0G
0  
---------
(3, ((), (), (), ((0, 1), (0, 2), (1, 1), (1, 2))))
(2, ((), ((0, 1), (0, 2)), ((1, 1), (1, 2)), ()))
6
---------
3   0G
2 P 0M
1   1G
0   1M
---------
(3, ((), (), (), ((0, 1), (0, 2), (1, 1), (1, 2))))
(2, (((1, 1),), ((1, 2),), ((0, 1),), ((0, 2),)))
6
---------
3   0M
2 P 0G
1   1G
0   1M
---------
(3, ((), (), (), ((0, 1), (0, 2), (1, 1), (1, 2))))
(2, (((1, 1),), ((1, 2),), ((0, 2),), ((0, 1),)))
6
---------
3  
2 P 0M
1   0G
0   1M 1G
---------
(3, ((), (), (), ((0, 1), (0, 2), (1, 1), (1, 2))))
(2, (((1, 1), (1, 2)), ((0, 2),), ((0, 1),), ()))
6
---------
3  
2 P 0G
1   0M
0   1M 1G
---------
(3, ((), (), (), ((0, 1), (0, 2), (1, 1), (1, 2))))
(2, (((1, 1), (1, 2)), ((0, 1),), ((0, 2),), ()))
6
---------
3  
2  
1  
0 P 0M 0G 1M 1G
---------
(3, ((), (), (), ((0, 1), (0, 2), (1, 1), (1, 2))))
(0, (((0, 1), (0, 2), (1, 1), (1, 2)), (), (), ()))
6
---------
3  
2 P 0M 0G
1  
0   1M 1G
---------
(3, ((), (), (), ((0, 1), (0, 2), (1, 1), (1, 2))))
(2, (((1, 1), (1, 2)), (), ((0, 1), (0, 2)), ()))
6
---------
3  
2 P 0M
1   1M
0   0G 1G
---------
(3, ((), (), (), ((0, 1), (0, 2), (1, 1), (1, 2))))
(2, (((0, 2), (1, 2)), ((1, 1),), ((0, 1),), ()))
6
---------
3  
2 P 1M
1   0M
0   0G 1G
---------
(3, ((), (), (), ((0, 1), (0, 2), (1, 1), (1, 2))))
(2, (((0, 2), (1, 2)), ((0, 1),), ((1, 1),), ()))
6
---------
3  
2 P 0M 1M
1  
0   0G 1G
---------
(3, ((), (), (), ((0, 1), (0, 2), (1, 1), (1, 2))))
(2, (((0, 2), (1, 2)), (), ((0, 1), (1, 1)), ()))
6
---------
3   1G
2  
1   0G
0 P 0M 1M
---------
(3, ((), (), (), ((0, 1), (0, 2), (1, 1), (1, 2))))
(0, (((0, 1), (1, 1)), ((0, 2),), (), ((1, 2),)))
6
---------
3   1G
2 P 0M
1   0G
0   1M
---------
(3, ((), (), (), ((0, 1), (0, 2), (1, 1), (1, 2))))
(2, (((1, 1),), ((0, 2),), ((0, 1),), ((1, 2),)))
6
---------
3  
2 P 0G 1M 1G
1  
0   0M
---------
(3, ((), (), (), ((0, 1), (0, 2), (1, 1), (1, 2))))
(2, (((0, 1),), (), ((0, 2), (1, 1), (1, 2)), ()))
6
---------
3  
2   0G 1G
1   1M
0 P 0M
---------
(3, ((), (), (), ((0, 1), (0, 2), (1, 1), (1, 2))))
(0, (((0, 1),), ((1, 1),), ((0, 2), (1, 2)), ()))
6
---------
3  
2 P 0M 0G 1G
1   1M
0  
---------
(3, ((), (), (), ((0, 1), (0, 2), (1, 1), (1, 2))))
(2, ((), ((1, 1),), ((0, 1), (0, 2), (1, 2)), ()))
6
---------
3  
2   0G 1G
1   0M
0 P 1M
---------
(3, ((), (), (), ((0, 1), (0, 2), (1, 1), (1, 2))))
(0, (((1, 1),), ((0, 1),), ((0, 2), (1, 2)), ()))
6
---------
3  
2 P 0G 1M 1G
1   0M
0  
---------
(3, ((), (), (), ((0, 1), (0, 2), (1, 1), (1, 2))))
(2, ((), ((0, 1),), ((0, 2), (1, 1), (1, 2)), ()))
6
---------
3  
2 P 0M 0G 1M 1G
1  
0  
---------
(3, ((), (), (), ((0, 1), (0, 2), (1, 1), (1, 2))))
(2, ((), (), ((0, 1), (0, 2), (1, 1), (1, 2)), ()))
6
---------
3  
2   0M 0G
1   1G
0 P 1M
---------
(3, ((), (), (), ((0, 1), (0, 2), (1, 1), (1, 2))))
(0, (((1, 1),), ((1, 2),), ((0, 1), (0, 2)), ()))
6
---------
3  
2   0M 0G
1   1M
0 P 1G
---------
(3, ((), (), (), ((0, 1), (0, 2), (1, 1), (1, 2))))
(0, (((1, 2),), ((1, 1),), ((0, 1), (0, 2)), ()))
6
---------
3   0M
2   0G
1  
0 P 1M 1G
---------
(3, ((), (), (), ((0, 1), (0, 2), (1, 1), (1, 2))))
(0, (((1, 1), (1, 2)), (), ((0, 2),), ((0, 1),)))
6
---------
3   0M
2  
1   0G
0 P 1M 1G
---------
(3, ((), (), (), ((0, 1), (0, 2), (1, 1), (1, 2))))
(0, (((1, 1), (1, 2)), ((0, 2),), (), ((0, 1),)))
6
---------
3   0M
2 P 1G
1   0G
0   1M
---------
(3, ((), (), (), ((0, 1), (0, 2), (1, 1), (1, 2))))
(2, (((1, 1),), ((0, 2),), ((1, 2),), ((0, 1),)))
6
---------
3   0M
2  
1  
0 P 0G 1M 1G
---------
(3, ((), (), (), ((0, 1), (0, 2), (1, 1), (1, 2))))
(0, (((0, 2), (1, 1), (1, 2)), (), (), ((0, 1),)))
6
---------
3   0G 1G
2 P 0M
1  
0   1M
---------
(3, ((), (), (), ((0, 1), (0, 2), (1, 1), (1, 2))))
(2, (((1, 1),), (), ((0, 1),), ((0, 2), (1, 2))))
6
---------
3   0M 0G
2 P 1G
1  
0   1M
---------
(3, ((), (), (), ((0, 1), (0, 2), (1, 1), (1, 2))))
(2, (((1, 1),), (), ((1, 2),), ((0, 1), (0, 2))))
6
---------
3  
2   0M
1   1M 1G
0 P 0G
---------
(3, ((), (), (), ((0, 1), (0, 2), (1, 1), (1, 2))))
(0, (((0, 2),), ((1, 1), (1, 2)), ((0, 1),), ()))
6
---------
3  
2   0M
1   0G 1G
0 P 1M
---------
(3, ((), (), (), ((0, 1), (0, 2), (1, 1), (1, 2))))
(0, (((1, 1),), ((0, 2), (1, 2)), ((0, 1),), ()))
6
---------
3  
2   0M
1   1M
0 P 0G 1G
---------
(3, ((), (), (), ((0, 1), (0, 2), (1, 1), (1, 2))))
(0, (((0, 2), (1, 2)), ((1, 1),), ((0, 1),), ()))
6
---------
3  
2 P 0M 1M
1   1G
0   0G
---------
(3, ((), (), (), ((0, 1), (0, 2), (1, 1), (1, 2))))
(2, (((0, 2),), ((1, 2),), ((0, 1), (1, 1)), ()))
6
---------
3   1G
2   0G
1  
0 P 0M 1M
---------
(3, ((), (), (), ((0, 1), (0, 2), (1, 1), (1, 2))))
(0, (((0, 1), (1, 1)), (), ((0, 2),), ((1, 2),)))
7
---------
3 P 0G
2  
1   1M 1G
0   0M
---------
(3, ((), (), (), ((0, 1), (0, 2), (1, 1), (1, 2))))
(3, (((0, 1),), ((1, 1), (1, 2)), (), ((0, 2),)))
7
---------
3 P 1M
2  
1   0G 1G
0   0M
---------
(3, ((), (), (), ((0, 1), (0, 2), (1, 1), (1, 2))))
(3, (((0, 1),), ((0, 2), (1, 2)), (), ((1, 1),)))
7
---------
3  
2  
1 P 1M 1G
0   0M 0G
---------
(3, ((), (), (), ((0, 1), (0, 2), (1, 1), (1, 2))))
(1, (((0, 1), (0, 2)), ((1, 1), (1, 2)), (), ()))
7
---------
3 P 0G
2   1G
1   1M
0   0M
---------
(3, ((), (), (), ((0, 1), (0, 2), (1, 1), (1, 2))))
(3, (((0, 1),), ((1, 1),), ((1, 2),), ((0, 2),)))
7
---------
3  
2   0G
1 P 1M 1G
0   0M
---------
(3, ((), (), (), ((0, 1), (0, 2), (1, 1), (1, 2))))
(1, (((0, 1),), ((1, 1), (1, 2)), ((0, 2),), ()))
7
---------
3 P 1G
2   0G
1   1M
0   0M
---------
(3, ((), (), (), ((0, 1), (0, 2), (1, 1), (1, 2))))
(3, (((0, 1),), ((1, 1),), ((0, 2),), ((1, 2),)))
7
---------
3 P 0G 1G
2  
1   1M
0   0M
---------
(3, ((), (), (), ((0, 1), (0, 2), (1, 1), (1, 2))))
(3, (((0, 1),), ((1, 1),), (), ((0, 2), (1, 2))))
7
---------
3 P 1M
2   1G
1   0G
0   0M
---------
(3, ((), (), (), ((0, 1), (0, 2), (1, 1), (1, 2))))
(3, (((0, 1),), ((0, 2),), ((1, 2),), ((1, 1),)))
7
---------
3  
2   1M
1 P 0G 1G
0   0M
---------
(3, ((), (), (), ((0, 1), (0, 2), (1, 1), (1, 2))))
(1, (((0, 1),), ((0, 2), (1, 2)), ((1, 1),), ()))
7
---------
3 P 1G
2   1M
1   0G
0   0M
---------
(3, ((), (), (), ((0, 1), (0, 2), (1, 1), (1, 2))))
(3, (((0, 1),), ((0, 2),), ((1, 1),), ((1, 2),)))
7
---------
3 P 1M 1G
2  
1   0G
0   0M
---------
(3, ((), (), (), ((0, 1), (0, 2), (1, 1), (1, 2))))
(3, (((0, 1),), ((0, 2),), (), ((1, 1), (1, 2))))
7
---------
3 P 0M
2  
1   0G 1M 1G
0  
---------
(3, ((), (), (), ((0, 1), (0, 2), (1, 1), (1, 2))))
(3, ((), ((0, 2), (1, 1), (1, 2)), (), ((0, 1),)))
7
---------
3 P 1M
2  
1   0M 0G 1G
0  
---------
(3, ((), (), (), ((0, 1), (0, 2), (1, 1), (1, 2))))
(3, ((), ((0, 1), (0, 2), (1, 2)), (), ((1, 1),)))
7
---------
3 P 0M
2   0G
1   1M 1G
0  
---------
(3, ((), (), (), ((0, 1), (0, 2), (1, 1), (1, 2))))
(3, ((), ((1, 1), (1, 2)), ((0, 2),), ((0, 1),)))
7
---------
3 P 0G
2   0M
1   1M 1G
0  
---------
(3, ((), (), (), ((0, 1), (0, 2), (1, 1), (1, 2))))
(3, ((), ((1, 1), (1, 2)), ((0, 1),), ((0, 2),)))
7
---------
3 P 0M 0G
2  
1   1M 1G
0  
---------
(3, ((), (), (), ((0, 1), (0, 2), (1, 1), (1, 2))))
(3, ((), ((1, 1), (1, 2)), (), ((0, 1), (0, 2))))
7
---------
3  
2   1M
1 P 0M 0G 1G
0  
---------
(3, ((), (), (), ((0, 1), (0, 2), (1, 1), (1, 2))))
(1, ((), ((0, 1), (0, 2), (1, 2)), ((1, 1),), ()))
7
---------
3 P 0M
2   1M
1   0G 1G
0  
---------
(3, ((), (), (), ((0, 1), (0, 2), (1, 1), (1, 2))))
(3, ((), ((0, 2), (1, 2)), ((1, 1),), ((0, 1),)))
7
---------
3 P 1M
2   0M
1   0G 1G
0  
---------
(3, ((), (), (), ((0, 1), (0, 2), (1, 1), (1, 2))))
(3, ((), ((0, 2), (1, 2)), ((0, 1),), ((1, 1),)))
7
---------
3 P 0M 1M
2  
1   0G 1G
0  
---------
(3, ((), (), (), ((0, 1), (0, 2), (1, 1), (1, 2))))
(3, ((), ((0, 2), (1, 2)), (), ((0, 1), (1, 1))))
7
---------
3 P 0G
2   1G
1   0M 1M
0  
---------
(3, ((), (), (), ((0, 1), (0, 2), (1, 1), (1, 2))))
(3, ((), ((0, 1), (1, 1)), ((1, 2),), ((0, 2),)))
7
---------
3 P 1G
2   0G
1   0M 1M
0  
---------
(3, ((), (), (), ((0, 1), (0, 2), (1, 1), (1, 2))))
(3, ((), ((0, 1), (1, 1)), ((0, 2),), ((1, 2),)))
7
---------
3 P 0G 1G
2  
1   0M 1M
0  
---------
(3, ((), (), (), ((0, 1), (0, 2), (1, 1), (1, 2))))
(3, ((), ((0, 1), (1, 1)), (), ((0, 2), (1, 2))))
7
---------
3 P 1M
2   1G
1   0M 0G
0  
---------
(3, ((), (), (), ((0, 1), (0, 2), (1, 1), (1, 2))))
(3, ((), ((0, 1), (0, 2)), ((1, 2),), ((1, 1),)))
7
---------
3 P 1G
2   1M
1   0M 0G
0  
---------
(3, ((), (), (), ((0, 1), (0, 2), (1, 1), (1, 2))))
(3, ((), ((0, 1), (0, 2)), ((1, 1),), ((1, 2),)))
7
---------
3 P 1M 1G
2  
1   0M 0G
0  
---------
(3, ((), (), (), ((0, 1), (0, 2), (1, 1), (1, 2))))
(3, ((), ((0, 1), (0, 2)), (), ((1, 1), (1, 2))))
7
---------
3 P 0M
2  
1   0G
0   1M 1G
---------
(3, ((), (), (), ((0, 1), (0, 2), (1, 1), (1, 2))))
(3, (((1, 1), (1, 2)), ((0, 2),), (), ((0, 1),)))
7
---------
3 P 0G
2  
1   0M
0   1M 1G
---------
(3, ((), (), (), ((0, 1), (0, 2), (1, 1), (1, 2))))
(3, (((1, 1), (1, 2)), ((0, 1),), (), ((0, 2),)))
7
---------
3  
2  
1 P 0M
0   0G 1M 1G
---------
(3, ((), (), (), ((0, 1), (0, 2), (1, 1), (1, 2))))
(1, (((0, 2), (1, 1), (1, 2)), ((0, 1),), (), ()))
7
---------
3  
2  
1 P 1M
0   0M 0G 1G
---------
(3, ((), (), (), ((0, 1), (0, 2), (1, 1), (1, 2))))
(1, (((0, 1), (0, 2), (1, 2)), ((1, 1),), (), ()))
7
---------
3  
2  
1 P 0G 1G
0   0M 1M
---------
(3, ((), (), (), ((0, 1), (0, 2), (1, 1), (1, 2))))
(1, (((0, 1), (1, 1)), ((0, 2), (1, 2)), (), ()))
7
---------
3  
2   0G
1 P 0M
0   1M 1G
---------
(3, ((), (), (), ((0, 1), (0, 2), (1, 1), (1, 2))))
(1, (((1, 1), (1, 2)), ((0, 1),), ((0, 2),), ()))
7
---------
3 P 0M
2   0G
1  
0   1M 1G
---------
(3, ((), (), (), ((0, 1), (0, 2), (1, 1), (1, 2))))
(3, (((1, 1), (1, 2)), (), ((0, 2),), ((0, 1),)))
7
---------
3 P 0G
2   0M
1  
0   1M 1G
---------
(3, ((), (), (), ((0, 1), (0, 2), (1, 1), (1, 2))))
(3, (((1, 1), (1, 2)), (), ((0, 1),), ((0, 2),)))
7
---------
3 P 0M 0G
2  
1  
0   1M 1G
---------
(3, ((), (), (), ((0, 1), (0, 2), (1, 1), (1, 2))))
(3, (((1, 1), (1, 2)), (), (), ((0, 1), (0, 2))))
7
---------
3 P 0M
2  
1   1M
0   0G 1G
---------
(3, ((), (), (), ((0, 1), (0, 2), (1, 1), (1, 2))))
(3, (((0, 2), (1, 2)), ((1, 1),), (), ((0, 1),)))
7
---------
3 P 1M
2  
1   0M
0   0G 1G
---------
(3, ((), (), (), ((0, 1), (0, 2), (1, 1), (1, 2))))
(3, (((0, 2), (1, 2)), ((0, 1),), (), ((1, 1),)))
7
---------
3  
2   1M
1 P 0M
0   0G 1G
---------
(3, ((), (), (), ((0, 1), (0, 2), (1, 1), (1, 2))))
(1, (((0, 2), (1, 2)), ((0, 1),), ((1, 1),), ()))
7
---------
3 P 0M
2   1M
1  
0   0G 1G
---------
(3, ((), (), (), ((0, 1), (0, 2), (1, 1), (1, 2))))
(3, (((0, 2), (1, 2)), (), ((1, 1),), ((0, 1),)))
7
---------
3 P 1M
2   0M
1  
0   0G 1G
---------
(3, ((), (), (), ((0, 1), (0, 2), (1, 1), (1, 2))))
(3, (((0, 2), (1, 2)), (), ((0, 1),), ((1, 1),)))
7
---------
3 P 0M 1M
2  
1  
0   0G 1G
---------
(3, ((), (), (), ((0, 1), (0, 2), (1, 1), (1, 2))))
(3, (((0, 2), (1, 2)), (), (), ((0, 1), (1, 1))))
7
---------
3  
2   1M 1G
1 P 0G
0   0M
---------
(3, ((), (), (), ((0, 1), (0, 2), (1, 1), (1, 2))))
(1, (((0, 1),), ((0, 2),), ((1, 1), (1, 2)), ()))
7
---------
3 P 0G
2   1M 1G
1  
0   0M
---------
(3, ((), (), (), ((0, 1), (0, 2), (1, 1), (1, 2))))
(3, (((0, 1),), (), ((1, 1), (1, 2)), ((0, 2),)))
7
---------
3 P 1M
2   0G 1G
1  
0   0M
---------
(3, ((), (), (), ((0, 1), (0, 2), (1, 1), (1, 2))))
(3, (((0, 1),), (), ((0, 2), (1, 2)), ((1, 1),)))
7
---------
3 P 0G 1G
2   1M
1  
0   0M
---------
(3, ((), (), (), ((0, 1), (0, 2), (1, 1), (1, 2))))
(3, (((0, 1),), (), ((1, 1),), ((0, 2), (1, 2))))
7
---------
3 P 1M 1G
2   0G
1  
0   0M
---------
(3, ((), (), (), ((0, 1), (0, 2), (1, 1), (1, 2))))
(3, (((0, 1),), (), ((0, 2),), ((1, 1), (1, 2))))
7
---------
3 P 0M
2   0G 1G
1   1M
0  
---------
(3, ((), (), (), ((0, 1), (0, 2), (1, 1), (1, 2))))
(3, ((), ((1, 1),), ((0, 2), (1, 2)), ((0, 1),)))
7
---------
3 P 1G
2   0M 0G
1   1M
0  
---------
(3, ((), (), (), ((0, 1), (0, 2), (1, 1), (1, 2))))
(3, ((), ((1, 1),), ((0, 1), (0, 2)), ((1, 2),)))
7
---------
3 P 0M 0G
2   1G
1   1M
0  
---------
(3, ((), (), (), ((0, 1), (0, 2), (1, 1), (1, 2))))
(3, ((), ((1, 1),), ((1, 2),), ((0, 1), (0, 2))))
7
---------
3 P 0G 1G
2   0M
1   1M
0  
---------
(3, ((), (), (), ((0, 1), (0, 2), (1, 1), (1, 2))))
(3, ((), ((1, 1),), ((0, 1),), ((0, 2), (1, 2))))
7
---------
3  
2   1M 1G
1 P 0M 0G
0  
---------
(3, ((), (), (), ((0, 1), (0, 2), (1, 1), (1, 2))))
(1, ((), ((0, 1), (0, 2)), ((1, 1), (1, 2)), ()))
7
---------
3 P 0G
2   1M 1G
1   0M
0  
---------
(3, ((), (), (), ((0, 1), (0, 2), (1, 1), (1, 2))))
(3, ((), ((0, 1),), ((1, 1), (1, 2)), ((0, 2),)))
7
---------
3 P 1M
2   0G 1G
1   0M
0  
---------
(3, ((), (), (), ((0, 1), (0, 2), (1, 1), (1, 2))))
(3, ((), ((0, 1),), ((0, 2), (1, 2)), ((1, 1),)))
7
---------
3 P 0G 1G
2   1M
1   0M
0  
---------
(3, ((), (), (), ((0, 1), (0, 2), (1, 1), (1, 2))))
(3, ((), ((0, 1),), ((1, 1),), ((0, 2), (1, 2))))
7
---------
3 P 1M 1G
2   0G
1   0M
0  
---------
(3, ((), (), (), ((0, 1), (0, 2), (1, 1), (1, 2))))
(3, ((), ((0, 1),), ((0, 2),), ((1, 1), (1, 2))))
7
---------
3  
2   0G 1M 1G
1 P 0M
0  
---------
(3, ((), (), (), ((0, 1), (0, 2), (1, 1), (1, 2))))
(1, ((), ((0, 1),), ((0, 2), (1, 1), (1, 2)), ()))
7
---------
3 P 0M
2   0G 1M 1G
1  
0  
---------
(3, ((), (), (), ((0, 1), (0, 2), (1, 1), (1, 2))))
(3, ((), (), ((0, 2), (1, 1), (1, 2)), ((0, 1),)))
7
---------
3  
2   0M 0G 1G
1 P 1M
0  
---------
(3, ((), (), (), ((0, 1), (0, 2), (1, 1), (1, 2))))
(1, ((), ((1, 1),), ((0, 1), (0, 2), (1, 2)), ()))
7
---------
3 P 1M
2   0M 0G 1G
1  
0  
---------
(3, ((), (), (), ((0, 1), (0, 2), (1, 1), (1, 2))))
(3, ((), (), ((0, 1), (0, 2), (1, 2)), ((1, 1),)))
7
---------
3 P 0M 0G
2   1M 1G
1  
0  
---------
(3, ((), (), (), ((0, 1), (0, 2), (1, 1), (1, 2))))
(3, ((), (), ((1, 1), (1, 2)), ((0, 1), (0, 2))))
7
---------
3 P 0M 1M
2   0G 1G
1  
0  
---------
(3, ((), (), (), ((0, 1), (0, 2), (1, 1), (1, 2))))
(3, ((), (), ((0, 2), (1, 2)), ((0, 1), (1, 1))))
7
---------
3  
2   0M 1M
1 P 0G 1G
0  
---------
(3, ((), (), (), ((0, 1), (0, 2), (1, 1), (1, 2))))
(1, ((), ((0, 2), (1, 2)), ((0, 1), (1, 1)), ()))
7
---------
3 P 0G 1G
2   0M 1M
1  
0  
---------
(3, ((), (), (), ((0, 1), (0, 2), (1, 1), (1, 2))))
(3, ((), (), ((0, 1), (1, 1)), ((0, 2), (1, 2))))
7
---------
3 P 1M 1G
2   0M 0G
1  
0  
---------
(3, ((), (), (), ((0, 1), (0, 2), (1, 1), (1, 2))))
(3, ((), (), ((0, 1), (0, 2)), ((1, 1), (1, 2))))
7
---------
3   0M
2   0G
1 P 1M
0   1G
---------
(3, ((), (), (), ((0, 1), (0, 2), (1, 1), (1, 2))))
(1, (((1, 2),), ((1, 1),), ((0, 2),), ((0, 1),)))
7
---------
3   0M
2   0G
1 P 1M 1G
0  
---------
(3, ((), (), (), ((0, 1), (0, 2), (1, 1), (1, 2))))
(1, ((), ((1, 1), (1, 2)), ((0, 2),), ((0, 1),)))
7
---------
3   0M
2  
1 P 0G 1M 1G
0  
---------
(3, ((), (), (), ((0, 1), (0, 2), (1, 1), (1, 2))))
(1, ((), ((0, 2), (1, 1), (1, 2)), (), ((0, 1),)))
7
---------
3   0M
2  
1 P 0G
0   1M 1G
---------
(3, ((), (), (), ((0, 1), (0, 2), (1, 1), (1, 2))))
(1, (((1, 1), (1, 2)), ((0, 2),), (), ((0, 1),)))
7
---------
3   0M
2  
1 P 1M
0   0G 1G
---------
(3, ((), (), (), ((0, 1), (0, 2), (1, 1), (1, 2))))
(1, (((0, 2), (1, 2)), ((1, 1),), (), ((0, 1),)))
7
---------
3   0M
2  
1 P 1M 1G
0   0G
---------
(3, ((), (), (), ((0, 1), (0, 2), (1, 1), (1, 2))))
(1, (((0, 2),), ((1, 1), (1, 2)), (), ((0, 1),)))
7
---------
3   0G 1G
2  
1 P 0M
0   1M
---------
(3, ((), (), (), ((0, 1), (0, 2), (1, 1), (1, 2))))
(1, (((1, 1),), ((0, 1),), (), ((0, 2), (1, 2))))
7
---------
3   0M 0G
2  
1 P 1G
0   1M
---------
(3, ((), (), (), ((0, 1), (0, 2), (1, 1), (1, 2))))
(1, (((1, 1),), ((1, 2),), (), ((0, 1), (0, 2))))
7
---------
3 P 0M
2   1M
1   1G
0   0G
---------
(3, ((), (), (), ((0, 1), (0, 2), (1, 1), (1, 2))))
(3, (((0, 2),), ((1, 2),), ((1, 1),), ((0, 1),)))
7
---------
3 P 1M
2   0M
1   1G
0   0G
---------
(3, ((), (), (), ((0, 1), (0, 2), (1, 1), (1, 2))))
(3, (((0, 2),), ((1, 2),), ((0, 1),), ((1, 1),)))
7
---------
3 P 0M 1M
2  
1   1G
0   0G
---------
(3, ((), (), (), ((0, 1), (0, 2), (1, 1), (1, 2))))
(3, (((0, 2),), ((1, 2),), (), ((0, 1), (1, 1))))
7
---------
3   1G
2   0G
1 P 1M
0   0M
---------
(3, ((), (), (), ((0, 1), (0, 2), (1, 1), (1, 2))))
(1, (((0, 1),), ((1, 1),), ((0, 2),), ((1, 2),)))
7
---------
3   1G
2   0G
1 P 0M 1M
0  
---------
(3, ((), (), (), ((0, 1), (0, 2), (1, 1), (1, 2))))
(1, ((), ((0, 1), (1, 1)), ((0, 2),), ((1, 2),)))
8
---------
3  
2 P 1M
1   1G
0   0M 0G
---------
(3, ((), (), (), ((0, 1), (0, 2), (1, 1), (1, 2))))
(2, (((0, 1), (0, 2)), ((1, 2),), ((1, 1),), ()))
8
---------
3  
2 P 1G
1   1M
0   0M 0G
---------
(3, ((), (), (), ((0, 1), (0, 2), (1, 1), (1, 2))))
(2, (((0, 1), (0, 2)), ((1, 1),), ((1, 2),), ()))
8
---------
3  
2 P 1M 1G
1  
0   0M 0G
---------
(3, ((), (), (), ((0, 1), (0, 2), (1, 1), (1, 2))))
(2, (((0, 1), (0, 2)), (), ((1, 1), (1, 2)), ()))
8
---------
3  
2   0G
1   1G
0 P 0M 1M
---------
(3, ((), (), (), ((0, 1), (0, 2), (1, 1), (1, 2))))
(0, (((0, 1), (1, 1)), ((1, 2),), ((0, 2),), ()))
8
---------
3   1G
2 P 0G
1   1M
0   0M
---------
(3, ((), (), (), ((0, 1), (0, 2), (1, 1), (1, 2))))
(2, (((0, 1),), ((1, 1),), ((0, 2),), ((1, 2),)))
8
---------
3   0G
2 P 1G
1   1M
0   0M
---------
(3, ((), (), (), ((0, 1), (0, 2), (1, 1), (1, 2))))
(2, (((0, 1),), ((1, 1),), ((1, 2),), ((0, 2),)))
8
---------
3  
2   1M
1   1G
0 P 0M 0G
---------
(3, ((), (), (), ((0, 1), (0, 2), (1, 1), (1, 2))))
(0, (((0, 1), (0, 2)), ((1, 2),), ((1, 1),), ()))
8
---------
3  
2   1M
1  
0 P 0M 0G 1G
---------
(3, ((), (), (), ((0, 1), (0, 2), (1, 1), (1, 2))))
(0, (((0, 1), (0, 2), (1, 2)), (), ((1, 1),), ()))
8
---------
3   1G
2 P 1M
1   0G
0   0M
---------
(3, ((), (), (), ((0, 1), (0, 2), (1, 1), (1, 2))))
(2, (((0, 1),), ((0, 2),), ((1, 1),), ((1, 2),)))
8
---------
3   1M
2 P 1G
1   0G
0   0M
---------
(3, ((), (), (), ((0, 1), (0, 2), (1, 1), (1, 2))))
(2, (((0, 1),), ((0, 2),), ((1, 2),), ((1, 1),)))
8
---------
3   0G
2 P 0M
1   1M 1G
0  
---------
(3, ((), (), (), ((0, 1), (0, 2), (1, 1), (1, 2))))
(2, ((), ((1, 1), (1, 2)), ((0, 1),), ((0, 2),)))
8
---------
3   0M
2 P 0G
1   1M 1G
0  
---------
(3, ((), (), (), ((0, 1), (0, 2), (1, 1), (1, 2))))
(2, ((), ((1, 1), (1, 2)), ((0, 2),), ((0, 1),)))
8
---------
3  
2   1M
1   0G 1G
0 P 0M
---------
(3, ((), (), (), ((0, 1), (0, 2), (1, 1), (1, 2))))
(0, (((0, 1),), ((0, 2), (1, 2)), ((1, 1),), ()))
8
---------
3  
2   1M
1   0M 0G
0 P 1G
---------
(3, ((), (), (), ((0, 1), (0, 2), (1, 1), (1, 2))))
(0, (((1, 2),), ((0, 1), (0, 2)), ((1, 1),), ()))
8
---------
3  
2   1M
1   0M
0 P 0G 1G
---------
(3, ((), (), (), ((0, 1), (0, 2), (1, 1), (1, 2))))
(0, (((0, 2), (1, 2)), ((0, 1),), ((1, 1),), ()))
8
---------
3   1M
2 P 0M
1   0G 1G
0  
---------
(3, ((), (), (), ((0, 1), (0, 2), (1, 1), (1, 2))))
(2, ((), ((0, 2), (1, 2)), ((0, 1),), ((1, 1),)))
8
---------
3   0M
2 P 1M
1   0G 1G
0  
---------
(3, ((), (), (), ((0, 1), (0, 2), (1, 1), (1, 2))))
(2, ((), ((0, 2), (1, 2)), ((1, 1),), ((0, 1),)))
8
---------
3   1G
2 P 0G
1   0M 1M
0  
---------
(3, ((), (), (), ((0, 1), (0, 2), (1, 1), (1, 2))))
(2, ((), ((0, 1), (1, 1)), ((0, 2),), ((1, 2),)))
8
---------
3   0G
2 P 1G
1   0M 1M
0  
---------
(3, ((), (), (), ((0, 1), (0, 2), (1, 1), (1, 2))))
(2, ((), ((0, 1), (1, 1)), ((1, 2),), ((0, 2),)))
8
---------
3   1G
2 P 1M
1   0M 0G
0  
---------
(3, ((), (), (), ((0, 1), (0, 2), (1, 1), (1, 2))))
(2, ((), ((0, 1), (0, 2)), ((1, 1),), ((1, 2),)))
8
---------
3   1M
2 P 1G
1   0M 0G
0  
---------
(3, ((), (), (), ((0, 1), (0, 2), (1, 1), (1, 2))))
(2, ((), ((0, 1), (0, 2)), ((1, 2),), ((1, 1),)))
8
---------
3  
2 P 0M
1  
0   0G 1M 1G
---------
(3, ((), (), (), ((0, 1), (0, 2), (1, 1), (1, 2))))
(2, (((0, 2), (1, 1), (1, 2)), (), ((0, 1),), ()))
8
---------
3  
2 P 1M
1  
0   0M 0G 1G
---------
(3, ((), (), (), ((0, 1), (0, 2), (1, 1), (1, 2))))
(2, (((0, 1), (0, 2), (1, 2)), (), ((1, 1),), ()))
8
---------
3  
2 P 0G
1   1G
0   0M 1M
---------
(3, ((), (), (), ((0, 1), (0, 2), (1, 1), (1, 2))))
(2, (((0, 1), (1, 1)), ((1, 2),), ((0, 2),), ()))
8
---------
3  
2 P 1G
1   0G
0   0M 1M
---------
(3, ((), (), (), ((0, 1), (0, 2), (1, 1), (1, 2))))
(2, (((0, 1), (1, 1)), ((0, 2),), ((1, 2),), ()))
8
---------
3  
2 P 0G 1G
1  
0   0M 1M
---------
(3, ((), (), (), ((0, 1), (0, 2), (1, 1), (1, 2))))
(2, (((0, 1), (1, 1)), (), ((0, 2), (1, 2)), ()))
8
---------
3   0G
2 P 0M
1  
0   1M 1G
---------
(3, ((), (), (), ((0, 1), (0, 2), (1, 1), (1, 2))))
(2, (((1, 1), (1, 2)), (), ((0, 1),), ((0, 2),)))
8
---------
3   0M
2 P 0G
1  
0   1M 1G
---------
(3, ((), (), (), ((0, 1), (0, 2), (1, 1), (1, 2))))
(2, (((1, 1), (1, 2)), (), ((0, 2),), ((0, 1),)))
8
---------
3   1M
2 P 0M
1  
0   0G 1G
---------
(3, ((), (), (), ((0, 1), (0, 2), (1, 1), (1, 2))))
(2, (((0, 2), (1, 2)), (), ((0, 1),), ((1, 1),)))
8
---------
3   0M
2 P 1M
1  
0   0G 1G
---------
(3, ((), (), (), ((0, 1), (0, 2), (1, 1), (1, 2))))
(2, (((0, 2), (1, 2)), (), ((1, 1),), ((0, 1),)))
8
---------
3  
2   1M 1G
1  
0 P 0M 0G
---------
(3, ((), (), (), ((0, 1), (0, 2), (1, 1), (1, 2))))
(0, (((0, 1), (0, 2)), (), ((1, 1), (1, 2)), ()))
8
---------
3   0G
2 P 1M 1G
1  
0   0M
---------
(3, ((), (), (), ((0, 1), (0, 2), (1, 1), (1, 2))))
(2, (((0, 1),), (), ((1, 1), (1, 2)), ((0, 2),)))
8
---------
3   1M
2 P 0G 1G
1  
0   0M
---------
(3, ((), (), (), ((0, 1), (0, 2), (1, 1), (1, 2))))
(2, (((0, 1),), (), ((0, 2), (1, 2)), ((1, 1),)))
8
---------
3   0M
2 P 0G 1G
1   1M
0  
---------
(3, ((), (), (), ((0, 1), (0, 2), (1, 1), (1, 2))))
(2, ((), ((1, 1),), ((0, 2), (1, 2)), ((0, 1),)))
8
---------
3   1G
2 P 0M 0G
1   1M
0  
---------
(3, ((), (), (), ((0, 1), (0, 2), (1, 1), (1, 2))))
(2, ((), ((1, 1),), ((0, 1), (0, 2)), ((1, 2),)))
8
---------
3  
2   1M 1G
1   0G
0 P 0M
---------
(3, ((), (), (), ((0, 1), (0, 2), (1, 1), (1, 2))))
(0, (((0, 1),), ((0, 2),), ((1, 1), (1, 2)), ()))
8
---------
3  
2   1M 1G
1   0M
0 P 0G
---------
(3, ((), (), (), ((0, 1), (0, 2), (1, 1), (1, 2))))
(0, (((0, 2),), ((0, 1),), ((1, 1), (1, 2)), ()))
8
---------
3   0G
2 P 1M 1G
1   0M
0  
---------
(3, ((), (), (), ((0, 1), (0, 2), (1, 1), (1, 2))))
(2, ((), ((0, 1),), ((1, 1), (1, 2)), ((0, 2),)))
8
---------
3   1M
2 P 0G 1G
1   0M
0  
---------
(3, ((), (), (), ((0, 1), (0, 2), (1, 1), (1, 2))))
(2, ((), ((0, 1),), ((0, 2), (1, 2)), ((1, 1),)))
8
---------
3  
2   0G 1M 1G
1  
0 P 0M
---------
(3, ((), (), (), ((0, 1), (0, 2), (1, 1), (1, 2))))
(0, (((0, 1),), (), ((0, 2), (1, 1), (1, 2)), ()))
8
---------
3  
2   0M 0G 1G
1  
0 P 1M
---------
(3, ((), (), (), ((0, 1), (0, 2), (1, 1), (1, 2))))
(0, (((1, 1),), (), ((0, 1), (0, 2), (1, 2)), ()))
8
---------
3   0M
2 P 0G 1M 1G
1  
0  
---------
(3, ((), (), (), ((0, 1), (0, 2), (1, 1), (1, 2))))
(2, ((), (), ((0, 2), (1, 1), (1, 2)), ((0, 1),)))
8
---------
3   1M
2 P 0M 0G 1G
1  
0  
---------
(3, ((), (), (), ((0, 1), (0, 2), (1, 1), (1, 2))))
(2, ((), (), ((0, 1), (0, 2), (1, 2)), ((1, 1),)))
8
---------
3  
2   0M 1M
1   1G
0 P 0G
---------
(3, ((), (), (), ((0, 1), (0, 2), (1, 1), (1, 2))))
(0, (((0, 2),), ((1, 2),), ((0, 1), (1, 1)), ()))
8
---------
3  
2   0M 1M
1   0G
0 P 1G
---------
(3, ((), (), (), ((0, 1), (0, 2), (1, 1), (1, 2))))
(0, (((1, 2),), ((0, 2),), ((0, 1), (1, 1)), ()))
8
---------
3  
2   0M 1M
1  
0 P 0G 1G
---------
(3, ((), (), (), ((0, 1), (0, 2), (1, 1), (1, 2))))
(0, (((0, 2), (1, 2)), (), ((0, 1), (1, 1)), ()))
8
---------
3   0M
2   0G
1   1G
0 P 1M
---------
(3, ((), (), (), ((0, 1), (0, 2), (1, 1), (1, 2))))
(0, (((1, 1),), ((1, 2),), ((0, 2),), ((0, 1),)))
8
---------
3   0M
2   0G
1   1M
0 P 1G
---------
(3, ((), (), (), ((0, 1), (0, 2), (1, 1), (1, 2))))
(0, (((1, 2),), ((1, 1),), ((0, 2),), ((0, 1),)))
8
---------
3   0M
2  
1   1M 1G
0 P 0G
---------
(3, ((), (), (), ((0, 1), (0, 2), (1, 1), (1, 2))))
(0, (((0, 2),), ((1, 1), (1, 2)), (), ((0, 1),)))
8
---------
3   0M
2  
1   0G 1G
0 P 1M
---------
(3, ((), (), (), ((0, 1), (0, 2), (1, 1), (1, 2))))
(0, (((1, 1),), ((0, 2), (1, 2)), (), ((0, 1),)))
8
---------
3   0M
2  
1   1M
0 P 0G 1G
---------
(3, ((), (), (), ((0, 1), (0, 2), (1, 1), (1, 2))))
(0, (((0, 2), (1, 2)), ((1, 1),), (), ((0, 1),)))
8
---------
3   0M
2 P 1M 1G
1   0G
0  
---------
(3, ((), (), (), ((0, 1), (0, 2), (1, 1), (1, 2))))
(2, ((), ((0, 2),), ((1, 1), (1, 2)), ((0, 1),)))
8
---------
3   0M
2 P 1M
1   1G
0   0G
---------
(3, ((), (), (), ((0, 1), (0, 2), (1, 1), (1, 2))))
(2, (((0, 2),), ((1, 2),), ((1, 1),), ((0, 1),)))
8
---------
3   0M
2 P 1G
1   1M
0   0G
---------
(3, ((), (), (), ((0, 1), (0, 2), (1, 1), (1, 2))))
(2, (((0, 2),), ((1, 1),), ((1, 2),), ((0, 1),)))
8
---------
3   0M
2 P 1M 1G
1  
0   0G
---------
(3, ((), (), (), ((0, 1), (0, 2), (1, 1), (1, 2))))
(2, (((0, 2),), (), ((1, 1), (1, 2)), ((0, 1),)))
8
---------
3   0G 1G
2  
1  
0 P 0M 1M
---------
(3, ((), (), (), ((0, 1), (0, 2), (1, 1), (1, 2))))
(0, (((0, 1), (1, 1)), (), (), ((0, 2), (1, 2))))
8
---------
3   0M 0G
2  
1  
0 P 1M 1G
---------
(3, ((), (), (), ((0, 1), (0, 2), (1, 1), (1, 2))))
(0, (((1, 1), (1, 2)), (), (), ((0, 1), (0, 2))))
8
---------
3   1M
2 P 0M
1   1G
0   0G
---------
(3, ((), (), (), ((0, 1), (0, 2), (1, 1), (1, 2))))
(2, (((0, 2),), ((1, 2),), ((0, 1),), ((1, 1),)))
8
---------
3   1G
2   0G
1   1M
0 P 0M
---------
(3, ((), (), (), ((0, 1), (0, 2), (1, 1), (1, 2))))
(0, (((0, 1),), ((1, 1),), ((0, 2),), ((1, 2),)))
8
---------
3   1G
2   0G
1   0M
0 P 1M
---------
(3, ((), (), (), ((0, 1), (0, 2), (1, 1), (1, 2))))
(0, (((1, 1),), ((0, 1),), ((0, 2),), ((1, 2),)))
9
---------
3 P 1M
2  
1   1G
0   0M 0G
---------
(3, ((), (), (), ((0, 1), (0, 2), (1, 1), (1, 2))))
(3, (((0, 1), (0, 2)), ((1, 2),), (), ((1, 1),)))
9
---------
3 P 1G
2  
1   1M
0   0M 0G
---------
(3, ((), (), (), ((0, 1), (0, 2), (1, 1), (1, 2))))
(3, (((0, 1), (0, 2)), ((1, 1),), (), ((1, 2),)))
9
---------
3  
2   1G
1 P 1M
0   0M 0G
---------
(3, ((), (), (), ((0, 1), (0, 2), (1, 1), (1, 2))))
(1, (((0, 1), (0, 2)), ((1, 1),), ((1, 2),), ()))
9
---------
3 P 1M
2   1G
1  
0   0M 0G
---------
(3, ((), (), (), ((0, 1), (0, 2), (1, 1), (1, 2))))
(3, (((0, 1), (0, 2)), (), ((1, 2),), ((1, 1),)))
9
---------
3  
2   1M
1 P 1G
0   0M 0G
---------
(3, ((), (), (), ((0, 1), (0, 2), (1, 1), (1, 2))))
(1, (((0, 1), (0, 2)), ((1, 2),), ((1, 1),), ()))
9
---------
3 P 1G
2   1M
1  
0   0M 0G
---------
(3, ((), (), (), ((0, 1), (0, 2), (1, 1), (1, 2))))
(3, (((0, 1), (0, 2)), (), ((1, 1),), ((1, 2),)))
9
---------
3 P 1M 1G
2  
1  
0   0M 0G
---------
(3, ((), (), (), ((0, 1), (0, 2), (1, 1), (1, 2))))
(3, (((0, 1), (0, 2)), (), (), ((1, 1), (1, 2))))
9
---------
3   0G
2  
1 P 1M 1G
0   0M
---------
(3, ((), (), (), ((0, 1), (0, 2), (1, 1), (1, 2))))
(1, (((0, 1),), ((1, 1), (1, 2)), (), ((0, 2),)))
9
---------
3  
2   1M
1 P 0M 0G
0   1G
---------
(3, ((), (), (), ((0, 1), (0, 2), (1, 1), (1, 2))))
(1, (((1, 2),), ((0, 1), (0, 2)), ((1, 1),), ()))
9
---------
3   1M
2  
1 P 0G 1G
0   0M
---------
(3, ((), (), (), ((0, 1), (0, 2), (1, 1), (1, 2))))
(1, (((0, 1),), ((0, 2), (1, 2)), (), ((1, 1),)))
9
---------
3   1M
2  
1 P 0M 0G 1G
0  
---------
(3, ((), (), (), ((0, 1), (0, 2), (1, 1), (1, 2))))
(1, ((), ((0, 1), (0, 2), (1, 2)), (), ((1, 1),)))
9
---------
3 P 0M
2  
1  
0   0G 1M 1G
---------
(3, ((), (), (), ((0, 1), (0, 2), (1, 1), (1, 2))))
(3, (((0, 2), (1, 1), (1, 2)), (), (), ((0, 1),)))
9
---------
3 P 1M
2  
1  
0   0M 0G 1G
---------
(3, ((), (), (), ((0, 1), (0, 2), (1, 1), (1, 2))))
(3, (((0, 1), (0, 2), (1, 2)), (), (), ((1, 1),)))
9
---------
3 P 0G
2  
1   1G
0   0M 1M
---------
(3, ((), (), (), ((0, 1), (0, 2), (1, 1), (1, 2))))
(3, (((0, 1), (1, 1)), ((1, 2),), (), ((0, 2),)))
9
---------
3 P 1G
2  
1   0G
0   0M 1M
---------
(3, ((), (), (), ((0, 1), (0, 2), (1, 1), (1, 2))))
(3, (((0, 1), (1, 1)), ((0, 2),), (), ((1, 2),)))
9
---------
3  
2   1G
1 P 0G
0   0M 1M
---------
(3, ((), (), (), ((0, 1), (0, 2), (1, 1), (1, 2))))
(1, (((0, 1), (1, 1)), ((0, 2),), ((1, 2),), ()))
9
---------
3 P 0G
2   1G
1  
0   0M 1M
---------
(3, ((), (), (), ((0, 1), (0, 2), (1, 1), (1, 2))))
(3, (((0, 1), (1, 1)), (), ((1, 2),), ((0, 2),)))
9
---------
3  
2   0G
1 P 1G
0   0M 1M
---------
(3, ((), (), (), ((0, 1), (0, 2), (1, 1), (1, 2))))
(1, (((0, 1), (1, 1)), ((1, 2),), ((0, 2),), ()))
9
---------
3 P 1G
2   0G
1  
0   0M 1M
---------
(3, ((), (), (), ((0, 1), (0, 2), (1, 1), (1, 2))))
(3, (((0, 1), (1, 1)), (), ((0, 2),), ((1, 2),)))
9
---------
3 P 0G 1G
2  
1  
0   0M 1M
---------
(3, ((), (), (), ((0, 1), (0, 2), (1, 1), (1, 2))))
(3, (((0, 1), (1, 1)), (), (), ((0, 2), (1, 2))))
9
---------
3   0G
2  
1 P 0M
0   1M 1G
---------
(3, ((), (), (), ((0, 1), (0, 2), (1, 1), (1, 2))))
(1, (((1, 1), (1, 2)), ((0, 1),), (), ((0, 2),)))
9
---------
3   1M
2  
1 P 0M
0   0G 1G
---------
(3, ((), (), (), ((0, 1), (0, 2), (1, 1), (1, 2))))
(1, (((0, 2), (1, 2)), ((0, 1),), (), ((1, 1),)))
9
---------
3  
2   1M 1G
1 P 0M
0   0G
---------
(3, ((), (), (), ((0, 1), (0, 2), (1, 1), (1, 2))))
(1, (((0, 2),), ((0, 1),), ((1, 1), (1, 2)), ()))
9
---------
3   0G
2   1G
1 P 1M
0   0M
---------
(3, ((), (), (), ((0, 1), (0, 2), (1, 1), (1, 2))))
(1, (((0, 1),), ((1, 1),), ((1, 2),), ((0, 2),)))
9
---------
3   0G
2   1M
1 P 1G
0   0M
---------
(3, ((), (), (), ((0, 1), (0, 2), (1, 1), (1, 2))))
(1, (((0, 1),), ((1, 2),), ((1, 1),), ((0, 2),)))
9
---------
3 P 0G 1M 1G
2  
1  
0   0M
---------
(3, ((), (), (), ((0, 1), (0, 2), (1, 1), (1, 2))))
(3, (((0, 1),), (), (), ((0, 2), (1, 1), (1, 2))))
9
---------
3   1M
2   1G
1 P 0G
0   0M
---------
(3, ((), (), (), ((0, 1), (0, 2), (1, 1), (1, 2))))
(1, (((0, 1),), ((0, 2),), ((1, 2),), ((1, 1),)))
9
---------
3   1M
2   0G
1 P 1G
0   0M
---------
(3, ((), (), (), ((0, 1), (0, 2), (1, 1), (1, 2))))
(1, (((0, 1),), ((1, 2),), ((0, 2),), ((1, 1),)))
9
---------
3 P 0M 0G 1G
2  
1   1M
0  
---------
(3, ((), (), (), ((0, 1), (0, 2), (1, 1), (1, 2))))
(3, ((), ((1, 1),), (), ((0, 1), (0, 2), (1, 2))))
9
---------
3   0G
2   1G
1 P 0M 1M
0  
---------
(3, ((), (), (), ((0, 1), (0, 2), (1, 1), (1, 2))))
(1, ((), ((0, 1), (1, 1)), ((1, 2),), ((0, 2),)))
9
---------
3 P 0G 1M 1G
2  
1   0M
0  
---------
(3, ((), (), (), ((0, 1), (0, 2), (1, 1), (1, 2))))
(3, ((), ((0, 1),), (), ((0, 2), (1, 1), (1, 2))))
9
---------
3   1M
2   1G
1 P 0M 0G
0  
---------
(3, ((), (), (), ((0, 1), (0, 2), (1, 1), (1, 2))))
(1, ((), ((0, 1), (0, 2)), ((1, 2),), ((1, 1),)))
9
---------
3   0M
2   1M 1G
1 P 0G
0  
---------
(3, ((), (), (), ((0, 1), (0, 2), (1, 1), (1, 2))))
(1, ((), ((0, 2),), ((1, 1), (1, 2)), ((0, 1),)))
9
---------
3   0M
2   0G 1G
1 P 1M
0  
---------
(3, ((), (), (), ((0, 1), (0, 2), (1, 1), (1, 2))))
(1, ((), ((1, 1),), ((0, 2), (1, 2)), ((0, 1),)))
9
---------
3   0M
2   1M
1 P 0G 1G
0  
---------
(3, ((), (), (), ((0, 1), (0, 2), (1, 1), (1, 2))))
(1, ((), ((0, 2), (1, 2)), ((1, 1),), ((0, 1),)))
9
---------
3 P 0M 0G 1G
2   1M
1  
0  
---------
(3, ((), (), (), ((0, 1), (0, 2), (1, 1), (1, 2))))
(3, ((), (), ((1, 1),), ((0, 1), (0, 2), (1, 2))))
9
---------
3   1M
2   0G 1G
1 P 0M
0  
---------
(3, ((), (), (), ((0, 1), (0, 2), (1, 1), (1, 2))))
(1, ((), ((0, 1),), ((0, 2), (1, 2)), ((1, 1),)))
9
---------
3   1M
2   0M 0G
1 P 1G
0  
---------
(3, ((), (), (), ((0, 1), (0, 2), (1, 1), (1, 2))))
(1, ((), ((1, 2),), ((0, 1), (0, 2)), ((1, 1),)))
9
---------
3   1M
2   0M
1 P 0G 1G
0  
---------
(3, ((), (), (), ((0, 1), (0, 2), (1, 1), (1, 2))))
(1, ((), ((0, 2), (1, 2)), ((0, 1),), ((1, 1),)))
9
---------
3 P 0G 1M 1G
2   0M
1  
0  
---------
(3, ((), (), (), ((0, 1), (0, 2), (1, 1), (1, 2))))
(3, ((), (), ((0, 1),), ((0, 2), (1, 1), (1, 2))))
9
---------
3  
2   0M 1M
1 P 0G
0   1G
---------
(3, ((), (), (), ((0, 1), (0, 2), (1, 1), (1, 2))))
(1, (((1, 2),), ((0, 2),), ((0, 1), (1, 1)), ()))
9
---------
3  
2   0M 1M
1 P 1G
0   0G
---------
(3, ((), (), (), ((0, 1), (0, 2), (1, 1), (1, 2))))
(1, (((0, 2),), ((1, 2),), ((0, 1), (1, 1)), ()))
9
---------
3 P 0M 1M
2   1G
1   0G
0  
---------
(3, ((), (), (), ((0, 1), (0, 2), (1, 1), (1, 2))))
(3, ((), ((0, 2),), ((1, 2),), ((0, 1), (1, 1))))
9
---------
3   0M
2   1G
1 P 1M
0   0G
---------
(3, ((), (), (), ((0, 1), (0, 2), (1, 1), (1, 2))))
(1, (((0, 2),), ((1, 1),), ((1, 2),), ((0, 1),)))
9
---------
3 P 0M 1M
2   1G
1  
0   0G
---------
(3, ((), (), (), ((0, 1), (0, 2), (1, 1), (1, 2))))
(3, (((0, 2),), (), ((1, 2),), ((0, 1), (1, 1))))
9
---------
3   0M
2   1M
1 P 1G
0   0G
---------
(3, ((), (), (), ((0, 1), (0, 2), (1, 1), (1, 2))))
(1, (((0, 2),), ((1, 2),), ((1, 1),), ((0, 1),)))
9
---------
3   0G 1G
2  
1 P 1M
0   0M
---------
(3, ((), (), (), ((0, 1), (0, 2), (1, 1), (1, 2))))
(1, (((0, 1),), ((1, 1),), (), ((0, 2), (1, 2))))
9
---------
3   0G 1G
2  
1 P 0M 1M
0  
---------
(3, ((), (), (), ((0, 1), (0, 2), (1, 1), (1, 2))))
(1, ((), ((0, 1), (1, 1)), (), ((0, 2), (1, 2))))
9
---------
3   0M 0G
2  
1 P 1M
0   1G
---------
(3, ((), (), (), ((0, 1), (0, 2), (1, 1), (1, 2))))
(1, (((1, 2),), ((1, 1),), (), ((0, 1), (0, 2))))
9
---------
3   0M 0G
2  
1 P 1M 1G
0  
---------
(3, ((), (), (), ((0, 1), (0, 2), (1, 1), (1, 2))))
(1, ((), ((1, 1), (1, 2)), (), ((0, 1), (0, 2))))
10
---------
3   1G
2 P 1M
1  
0   0M 0G
---------
(3, ((), (), (), ((0, 1), (0, 2), (1, 1), (1, 2))))
(2, (((0, 1), (0, 2)), (), ((1, 1),), ((1, 2),)))
10
---------
3   1M
2 P 1G
1  
0   0M 0G
---------
(3, ((), (), (), ((0, 1), (0, 2), (1, 1), (1, 2))))
(2, (((0, 1), (0, 2)), (), ((1, 2),), ((1, 1),)))
10
---------
3   0G
2  
1   1G
0 P 0M 1M
---------
(3, ((), (), (), ((0, 1), (0, 2), (1, 1), (1, 2))))
(0, (((0, 1), (1, 1)), ((1, 2),), (), ((0, 2),)))
10
---------
3   0G
2 P 1M
1   1G
0   0M
---------
(3, ((), (), (), ((0, 1), (0, 2), (1, 1), (1, 2))))
(2, (((0, 1),), ((1, 2),), ((1, 1),), ((0, 2),)))
10
---------
3  
2 P 0M 1M
1   0G
0   1G
---------
(3, ((), (), (), ((0, 1), (0, 2), (1, 1), (1, 2))))
(2, (((1, 2),), ((0, 2),), ((0, 1), (1, 1)), ()))
10
---------
3   1M
2  
1   1G
0 P 0M 0G
---------
(3, ((), (), (), ((0, 1), (0, 2), (1, 1), (1, 2))))
(0, (((0, 1), (0, 2)), ((1, 2),), (), ((1, 1),)))
10
---------
3   1M
2 P 0G
1   1G
0   0M
---------
(3, ((), (), (), ((0, 1), (0, 2), (1, 1), (1, 2))))
(2, (((0, 1),), ((1, 2),), ((0, 2),), ((1, 1),)))
10
---------
3   1M
2  
1  
0 P 0M 0G 1G
---------
(3, ((), (), (), ((0, 1), (0, 2), (1, 1), (1, 2))))
(0, (((0, 1), (0, 2), (1, 2)), (), (), ((1, 1),)))
10
---------
3   1M
2  
1   0G 1G
0 P 0M
---------
(3, ((), (), (), ((0, 1), (0, 2), (1, 1), (1, 2))))
(0, (((0, 1),), ((0, 2), (1, 2)), (), ((1, 1),)))
10
---------
3   1M
2  
1   0M 0G
0 P 1G
---------
(3, ((), (), (), ((0, 1), (0, 2), (1, 1), (1, 2))))
(0, (((1, 2),), ((0, 1), (0, 2)), (), ((1, 1),)))
10
---------
3   1M
2 P 0M 0G
1   1G
0  
---------
(3, ((), (), (), ((0, 1), (0, 2), (1, 1), (1, 2))))
(2, ((), ((1, 2),), ((0, 1), (0, 2)), ((1, 1),)))
10
---------
3   1M
2  
1   0M
0 P 0G 1G
---------
(3, ((), (), (), ((0, 1), (0, 2), (1, 1), (1, 2))))
(0, (((0, 2), (1, 2)), ((0, 1),), (), ((1, 1),)))
10
---------
3   1G
2 P 0G
1  
0   0M 1M
---------
(3, ((), (), (), ((0, 1), (0, 2), (1, 1), (1, 2))))
(2, (((0, 1), (1, 1)), (), ((0, 2),), ((1, 2),)))
10
---------
3   0G
2 P 1G
1  
0   0M 1M
---------
(3, ((), (), (), ((0, 1), (0, 2), (1, 1), (1, 2))))
(2, (((0, 1), (1, 1)), (), ((1, 2),), ((0, 2),)))
10
---------
3   0G
2   1G
1  
0 P 0M 1M
---------
(3, ((), (), (), ((0, 1), (0, 2), (1, 1), (1, 2))))
(0, (((0, 1), (1, 1)), (), ((1, 2),), ((0, 2),)))
10
---------
3   1M 1G
2 P 0G
1  
0   0M
---------
(3, ((), (), (), ((0, 1), (0, 2), (1, 1), (1, 2))))
(2, (((0, 1),), (), ((0, 2),), ((1, 1), (1, 2))))
10
---------
3   0G 1G
2 P 1M
1  
0   0M
---------
(3, ((), (), (), ((0, 1), (0, 2), (1, 1), (1, 2))))
(2, (((0, 1),), (), ((1, 1),), ((0, 2), (1, 2))))
10
---------
3   1M
2   1G
1  
0 P 0M 0G
---------
(3, ((), (), (), ((0, 1), (0, 2), (1, 1), (1, 2))))
(0, (((0, 1), (0, 2)), (), ((1, 2),), ((1, 1),)))
10
---------
3   0G 1G
2 P 0M
1   1M
0  
---------
(3, ((), (), (), ((0, 1), (0, 2), (1, 1), (1, 2))))
(2, ((), ((1, 1),), ((0, 1),), ((0, 2), (1, 2))))
10
---------
3   0M 0G
2 P 1G
1   1M
0  
---------
(3, ((), (), (), ((0, 1), (0, 2), (1, 1), (1, 2))))
(2, ((), ((1, 1),), ((1, 2),), ((0, 1), (0, 2))))
10
---------
3   0G
2   1G
1   1M
0 P 0M
---------
(3, ((), (), (), ((0, 1), (0, 2), (1, 1), (1, 2))))
(0, (((0, 1),), ((1, 1),), ((1, 2),), ((0, 2),)))
10
---------
3   0G
2   1G
1   0M
0 P 1M
---------
(3, ((), (), (), ((0, 1), (0, 2), (1, 1), (1, 2))))
(0, (((1, 1),), ((0, 1),), ((1, 2),), ((0, 2),)))
10
---------
3   1M 1G
2 P 0G
1   0M
0  
---------
(3, ((), (), (), ((0, 1), (0, 2), (1, 1), (1, 2))))
(2, ((), ((0, 1),), ((0, 2),), ((1, 1), (1, 2))))
10
---------
3   0G 1G
2 P 1M
1   0M
0  
---------
(3, ((), (), (), ((0, 1), (0, 2), (1, 1), (1, 2))))
(2, ((), ((0, 1),), ((1, 1),), ((0, 2), (1, 2))))
10
---------
3   1M
2   1G
1   0G
0 P 0M
---------
(3, ((), (), (), ((0, 1), (0, 2), (1, 1), (1, 2))))
(0, (((0, 1),), ((0, 2),), ((1, 2),), ((1, 1),)))
10
---------
3   1M
2   1G
1   0M
0 P 0G
---------
(3, ((), (), (), ((0, 1), (0, 2), (1, 1), (1, 2))))
(0, (((0, 2),), ((0, 1),), ((1, 2),), ((1, 1),)))
10
---------
3   0M
2   1M 1G
1  
0 P 0G
---------
(3, ((), (), (), ((0, 1), (0, 2), (1, 1), (1, 2))))
(0, (((0, 2),), (), ((1, 1), (1, 2)), ((0, 1),)))
10
---------
3   0M
2   0G 1G
1  
0 P 1M
---------
(3, ((), (), (), ((0, 1), (0, 2), (1, 1), (1, 2))))
(0, (((1, 1),), (), ((0, 2), (1, 2)), ((0, 1),)))
10
---------
3   0M
2   1M
1   1G
0 P 0G
---------
(3, ((), (), (), ((0, 1), (0, 2), (1, 1), (1, 2))))
(0, (((0, 2),), ((1, 2),), ((1, 1),), ((0, 1),)))
10
---------
3   0M
2   1M
1   0G
0 P 1G
---------
(3, ((), (), (), ((0, 1), (0, 2), (1, 1), (1, 2))))
(0, (((1, 2),), ((0, 2),), ((1, 1),), ((0, 1),)))
10
---------
3   0M
2   1M
1  
0 P 0G 1G
---------
(3, ((), (), (), ((0, 1), (0, 2), (1, 1), (1, 2))))
(0, (((0, 2), (1, 2)), (), ((1, 1),), ((0, 1),)))
10
---------
3   0G 1G
2 P 0M 1M
1  
0  
---------
(3, ((), (), (), ((0, 1), (0, 2), (1, 1), (1, 2))))
(2, ((), (), ((0, 1), (1, 1)), ((0, 2), (1, 2))))
10
---------
3   0M 0G
2 P 1M 1G
1  
0  
---------
(3, ((), (), (), ((0, 1), (0, 2), (1, 1), (1, 2))))
(2, ((), (), ((1, 1), (1, 2)), ((0, 1), (0, 2))))
10
---------
3   1M
2   0G 1G
1  
0 P 0M
---------
(3, ((), (), (), ((0, 1), (0, 2), (1, 1), (1, 2))))
(0, (((0, 1),), (), ((0, 2), (1, 2)), ((1, 1),)))
10
---------
3   1M
2   0M 0G
1  
0 P 1G
---------
(3, ((), (), (), ((0, 1), (0, 2), (1, 1), (1, 2))))
(0, (((1, 2),), (), ((0, 1), (0, 2)), ((1, 1),)))
10
---------
3   1M
2   0M
1   1G
0 P 0G
---------
(3, ((), (), (), ((0, 1), (0, 2), (1, 1), (1, 2))))
(0, (((0, 2),), ((1, 2),), ((0, 1),), ((1, 1),)))
10
---------
3   1M
2   0M
1   0G
0 P 1G
---------
(3, ((), (), (), ((0, 1), (0, 2), (1, 1), (1, 2))))
(0, (((1, 2),), ((0, 2),), ((0, 1),), ((1, 1),)))
10
---------
3   1M
2   0M
1  
0 P 0G 1G
---------
(3, ((), (), (), ((0, 1), (0, 2), (1, 1), (1, 2))))
(0, (((0, 2), (1, 2)), (), ((0, 1),), ((1, 1),)))
10
---------
3   1M 1G
2 P 0M 0G
1  
0  
---------
(3, ((), (), (), ((0, 1), (0, 2), (1, 1), (1, 2))))
(2, ((), (), ((0, 1), (0, 2)), ((1, 1), (1, 2))))
10
---------
3   0G 1G
2  
1   1M
0 P 0M
---------
(3, ((), (), (), ((0, 1), (0, 2), (1, 1), (1, 2))))
(0, (((0, 1),), ((1, 1),), (), ((0, 2), (1, 2))))
10
---------
3   0G 1G
2  
1   0M
0 P 1M
---------
(3, ((), (), (), ((0, 1), (0, 2), (1, 1), (1, 2))))
(0, (((1, 1),), ((0, 1),), (), ((0, 2), (1, 2))))
10
---------
3   0M 0G
2 P 1M
1  
0   1G
---------
(3, ((), (), (), ((0, 1), (0, 2), (1, 1), (1, 2))))
(2, (((1, 2),), (), ((1, 1),), ((0, 1), (0, 2))))
10
---------
3   0M 0G
2  
1   1G
0 P 1M
---------
(3, ((), (), (), ((0, 1), (0, 2), (1, 1), (1, 2))))
(0, (((1, 1),), ((1, 2),), (), ((0, 1), (0, 2))))
10
---------
3   0M 0G
2 P 1M
1   1G
0  
---------
(3, ((), (), (), ((0, 1), (0, 2), (1, 1), (1, 2))))
(2, ((), ((1, 2),), ((1, 1),), ((0, 1), (0, 2))))
10
---------
3   0M 0G
2  
1   1M
0 P 1G
---------
(3, ((), (), (), ((0, 1), (0, 2), (1, 1), (1, 2))))
(0, (((1, 2),), ((1, 1),), (), ((0, 1), (0, 2))))
11
---------
3   1G
2  
1 P 1M
0   0M 0G
---------
(3, ((), (), (), ((0, 1), (0, 2), (1, 1), (1, 2))))
(1, (((0, 1), (0, 2)), ((1, 1),), (), ((1, 2),)))
11
---------
3   1M
2  
1 P 1G
0   0M 0G
---------
(3, ((), (), (), ((0, 1), (0, 2), (1, 1), (1, 2))))
(1, (((0, 1), (0, 2)), ((1, 2),), (), ((1, 1),)))
11
---------
3 P 0M
2   1M
1   0G
0   1G
---------
(3, ((), (), (), ((0, 1), (0, 2), (1, 1), (1, 2))))
(3, (((1, 2),), ((0, 2),), ((1, 1),), ((0, 1),)))
11
---------
3 P 1M
2   0M
1   0G
0   1G
---------
(3, ((), (), (), ((0, 1), (0, 2), (1, 1), (1, 2))))
(3, (((1, 2),), ((0, 2),), ((0, 1),), ((1, 1),)))
11
---------
3 P 0M 1M
2  
1   0G
0   1G
---------
(3, ((), (), (), ((0, 1), (0, 2), (1, 1), (1, 2))))
(3, (((1, 2),), ((0, 2),), (), ((0, 1), (1, 1))))
11
---------
3   1M
2  
1 P 0M 0G
0   1G
---------
(3, ((), (), (), ((0, 1), (0, 2), (1, 1), (1, 2))))
(1, (((1, 2),), ((0, 1), (0, 2)), (), ((1, 1),)))
11
---------
3 P 0M 1M
2   0G
1   1G
0  
---------
(3, ((), (), (), ((0, 1), (0, 2), (1, 1), (1, 2))))
(3, ((), ((1, 2),), ((0, 2),), ((0, 1), (1, 1))))
11
---------
3   1G
2  
1 P 0G
0   0M 1M
---------
(3, ((), (), (), ((0, 1), (0, 2), (1, 1), (1, 2))))
(1, (((0, 1), (1, 1)), ((0, 2),), (), ((1, 2),)))
11
---------
3   0G
2  
1 P 1G
0   0M 1M
---------
(3, ((), (), (), ((0, 1), (0, 2), (1, 1), (1, 2))))
(1, (((0, 1), (1, 1)), ((1, 2),), (), ((0, 2),)))
11
---------
3   0G
2   1G
1 P 0M
0   1M
---------
(3, ((), (), (), ((0, 1), (0, 2), (1, 1), (1, 2))))
(1, (((1, 1),), ((0, 1),), ((1, 2),), ((0, 2),)))
11
---------
3   1M 1G
2  
1 P 0G
0   0M
---------
(3, ((), (), (), ((0, 1), (0, 2), (1, 1), (1, 2))))
(1, (((0, 1),), ((0, 2),), (), ((1, 1), (1, 2))))
11
---------
3   1M
2   1G
1 P 0M
0   0G
---------
(3, ((), (), (), ((0, 1), (0, 2), (1, 1), (1, 2))))
(1, (((0, 2),), ((0, 1),), ((1, 2),), ((1, 1),)))
11
---------
3   1M 1G
2  
1 P 0M 0G
0  
---------
(3, ((), (), (), ((0, 1), (0, 2), (1, 1), (1, 2))))
(1, ((), ((0, 1), (0, 2)), (), ((1, 1), (1, 2))))
11
---------
3   0M
2   1M
1 P 0G
0   1G
---------
(3, ((), (), (), ((0, 1), (0, 2), (1, 1), (1, 2))))
(1, (((1, 2),), ((0, 2),), ((1, 1),), ((0, 1),)))
11
---------
3   0G 1G
2   1M
1 P 0M
0  
---------
(3, ((), (), (), ((0, 1), (0, 2), (1, 1), (1, 2))))
(1, ((), ((0, 1),), ((1, 1),), ((0, 2), (1, 2))))
11
---------
3   0G 1G
2   0M
1 P 1M
0  
---------
(3, ((), (), (), ((0, 1), (0, 2), (1, 1), (1, 2))))
(1, ((), ((1, 1),), ((0, 1),), ((0, 2), (1, 2))))
11
---------
3 P 0M 0G 1M 1G
2  
1  
0  
---------
(3, ((), (), (), ((0, 1), (0, 2), (1, 1), (1, 2))))
(3, ((), (), (), ((0, 1), (0, 2), (1, 1), (1, 2))))
11 ---------
3 P 0M 0G 1M 1G
2  
1  
0  
---------
